1
2
3
4
5
6
7
8
9
10
11
12
13
14
15
16
17
18
19
20
21
22
23
24
25
26
27
28
501
502
29
503
30
504
31
505
32
33
506
34
35
36
37
38
39
40
41
42
43
44
507
45
508
509
46
510
511
47
512
48
513
49
514
50
515
516
51
517
518
52
519
53
520
521
54
522
55
523
524
56
525
57
58
526
527
59
528
60
61
62
63
529
530
64
531
65
532
66
533
67
534
535
68
536
69
537
538
70
539
71
72
540
541
73
542
74
75
543
76
544
77
545
78
546
79
547
548
549
550
80
551
81
552
553
82
554
555
83
556
84
557
85
558
559
86
560
561
562
87
563
564
565
88
566
567
568
89
569
570
571
572
573
90
574
575
91
576
92
577
93
578
579
580
581
582
94
95
583
584
96
97
585
586
587
98
99
100
588
589
590
591
101
592
102
593
594
103
104
105
106
595
596
107
597
598
108
599
109
600
110
111
601
112
602
603
113
114
115
116
604
117
605
118
119
120
121
122
606
607
123
124
608
609
610
125
126
127
128
129
611
130
612
613
131
614
615
132
133
134
135
136
137
138
139
140
141
142
143
144
145
146
147
148
149
150
151
152
153
154
155
156
157
158
159
160
161
162
616
163
164
165
166
167
168
169
170
171
172
173
174
175
176
177
617
618
619
620
621
622
623
624
625
626
627
628
629
630
631
632
633
634
635
636
178
179
180
181
182
637
183
638
184
639
640
185
641
642
186
643
187
644
645
188
646
189
647
190
648
191
649
192
193
650
651
194
195
196
652
653
654
197
655
198
656
199
200
657
201
658
202
659
660
203
661
204
662
663
205
664
206
665
207
666
667
208
668
209
669
210
670
671
211
672
673
674
212
675
213
676
214
215
677
216
678
679
217
680
218
681
682
219
220
683
684
221
685
222
686
223
687
224
225
688
226
689
690
227
691
692
228
693
229
694
695
230
696
231
697
232
698
233
699
700
234
235
701
236
702
237
703
704
238
705
239
240
706
707
241
242
708
709
243
244
710
711
712
245
713
246
714
247
715
248
716
717
249
718
250
251
719
720
252
721
722
253
254
723
255
724
256
725
257
726
727
258
259
728
260
729
730
731
261
732
262
733
734
263
264
735
265
736
266
737
738
267
739
268
740
269
741
270
742
743
271
744
272
745
746
273
747
274
748
275
749
750
276
751
752
277
753
278
754
279
755
280
756
281
757
758
759
760
282
283
761
762
284
285
763
764
286
765
287
288
766
289
290
767
291
768
769
770
292
771
293
772
294
773
295
774
775
296
776
297
298
299
777
778
300
779
301
302
780
303
781
304
305
782
306
783
784
307
308
785
786
309
787
310
788
311
789
790
312
313
791
792
314
793
794
795
315
316
796
797
317
798
799
318
800
319
320
801
802
321
322
803
804
805
323
806
807
808
324
809
325
810
811
326
812
813
814
327
328
815
816
329
330
817
818
331
819
332
820
821
333
822
334
335
823
824
336
825
337
826
338
827
828
339
340
829
830
341
831
342
832
343
344
833
834
345
346
835
347
836
348
837
838
349
839
840
350
841
351
352
842
843
353
354
844
845
355
846
356
847
357
848
358
359
849
360
361
850
851
362
852
363
853
854
364
855
365
856
857
366
858
859
367
368
860
861
369
862
370
863
864
371
372
373
865
866
867
868
374
375
869
870
376
377
871
378
872
379
873
874
380
875
381
382
876
383
877
384
878
385
879
880
386
881
882
387
388
883
389
884
390
885
391
886
392
887
393
888
394
889
890
395
891
892
396
893
397
398
894
399
400
895
401
896
402
897
403
898
404
899
405
900
406
901
902
407
408
903
409
904
410
905
411
906
412
907
413
414
908
909
415
910
911
416
417
912
418
419
913
420
914
421
915
916
422
917
423
918
919
424
920
425
426
921
427
922
428
923
429
924
430
925
431
926
432
433
927
434
928
435
929
436
930
931
932
437
438
933
934
439
935
440
936
937
441
938
442
939
940
443
941
444
942
943
445
446
944
945
447
946
947
448
948
449
949
450
950
951
952
953
451
954
452
955
453
956
454
957
455
456
958
959
457
960
961
458
459
962
963
460
964
965
461
966
462
967
968
969
463
464
970
465
971
972
466
467
973
468
974
975
469
976
977
470
978
979
471
980
981
472
982
473
983
474
984
985
475
986
476
987
477
478
988
989
479
990
991
480
481
992
482
993
994
483
484
995
996
997
485
998
486
999
487
1000
488
489
490
491
492
493
494
495
496
497
498
499
500
